  1.000000e+003  1.000000e+002  1.495595e+002  5.977489e+001  1.495595e+002  5.977489e+001  1.358630e-010  2.427326e-010 -5.392522e-017 -9.265838e-017
  9.500000e+002  9.510565e+001  1.458900e+002  5.858378e+001  1.458900e+002  5.858378e+001 -7.479163e-002 -1.225100e-001 -7.479163e-002 -1.225100e-001
  9.000000e+002  8.090170e+001  1.353273e+002  5.528571e+001  1.353273e+002  5.528571e+001 -1.498099e-001 -2.162346e-001 -1.498099e-001 -2.162346e-001
  8.500000e+002  5.877853e+001  1.195674e+002  5.061123e+001  1.195674e+002  5.061123e+001 -2.161691e-001 -2.630713e-001 -2.161691e-001 -2.630713e-001
  8.000000e+002  3.090170e+001  1.016354e+002  4.547531e+001  1.016354e+002  4.547531e+001 -2.590826e-001 -2.629518e-001 -2.590828e-001 -2.629520e-001
  7.500000e+002 -1.836970e-014  8.470670e+001  4.065384e+001  8.470679e+001  4.065387e+001 -2.691513e-001 -2.304304e-001 -2.691518e-001 -2.304310e-001
  7.000000e+002 -3.090170e+001  7.078289e+001  3.660771e+001  7.078295e+001  3.660772e+001 -2.475500e-001 -1.830684e-001 -2.475502e-001 -1.830687e-001
  6.500000e+002 -5.877853e+001  6.047637e+001  3.350914e+001  6.047637e+001  3.350914e+001 -2.020671e-001 -1.329759e-001 -2.020671e-001 -1.329759e-001
  6.000000e+002 -8.090170e+001  5.358499e+001  3.136200e+001  5.358499e+001  3.136200e+001 -1.414268e-001 -8.554887e-002 -1.414268e-001 -8.554887e-002
  5.500000e+002 -9.510565e+001  4.967765e+001  3.010965e+001  4.967765e+001  3.010965e+001 -7.248636e-002 -4.167558e-002 -7.248636e-002 -4.167558e-002
  5.000000e+002 -1.000000e+002  4.841596e+001  2.969899e+001  4.841596e+001  2.969899e+001  2.650229e-017  1.496223e-017 -7.056496e-010 -3.974153e-010
  4.500000e+002 -9.510565e+001  4.967765e+001  3.010965e+001  4.967765e+001  3.010965e+001  7.248636e-002  4.167558e-002  7.248636e-002  4.167558e-002
  4.000000e+002 -8.090170e+001  5.358499e+001  3.136200e+001  5.358499e+001  3.136200e+001  1.414268e-001  8.554887e-002  1.414268e-001  8.554887e-002
  3.500000e+002 -5.877853e+001  6.047637e+001  3.350914e+001  6.047637e+001  3.350914e+001  2.020671e-001  1.329759e-001  2.020671e-001  1.329759e-001
  3.000000e+002 -3.090170e+001  7.078289e+001  3.660771e+001  7.078295e+001  3.660772e+001  2.475500e-001  1.830684e-001  2.475502e-001  1.830687e-001
  2.500000e+002  6.123234e-015  8.470670e+001  4.065384e+001  8.470679e+001  4.065387e+001  2.691513e-001  2.304304e-001  2.691518e-001  2.304310e-001
  2.000000e+002  3.090170e+001  1.016354e+002  4.547531e+001  1.016354e+002  4.547531e+001  2.590826e-001  2.629518e-001  2.590828e-001  2.629520e-001
  1.500000e+002  5.877853e+001  1.195674e+002  5.061123e+001  1.195674e+002  5.061123e+001  2.161691e-001  2.630713e-001  2.161691e-001  2.630713e-001
  1.000000e+002  8.090170e+001  1.353273e+002  5.528571e+001  1.353273e+002  5.528571e+001  1.498099e-001  2.162346e-001  1.498099e-001  2.162346e-001
  5.000000e+001  9.510565e+001  1.458900e+002  5.858378e+001  1.458900e+002  5.858378e+001  7.479163e-002  1.225100e-001  7.479163e-002  1.225100e-001
  0.000000e+000  1.000000e+002  1.495595e+002  5.977489e+001  1.495595e+002  5.977489e+001  0.000000e+000 -0.000000e+000  0.000000e+000 -0.000000e+000
 -5.000000e+001  9.510565e+001  1.458900e+002  5.858378e+001  1.458900e+002  5.858378e+001 -7.479163e-002 -1.225100e-001 -7.479163e-002 -1.225100e-001
 -1.000000e+002  8.090170e+001  1.353273e+002  5.528571e+001  1.353273e+002  5.528571e+001 -1.498099e-001 -2.162346e-001 -1.498099e-001 -2.162346e-001
 -1.500000e+002  5.877853e+001  1.195674e+002  5.061123e+001  1.195674e+002  5.061123e+001 -2.161691e-001 -2.630713e-001 -2.161691e-001 -2.630713e-001
 -2.000000e+002  3.090170e+001  1.016354e+002  4.547531e+001  1.016354e+002  4.547531e+001 -2.590826e-001 -2.629518e-001 -2.590828e-001 -2.629520e-001
 -2.500000e+002  6.123234e-015  8.470670e+001  4.065384e+001  8.470679e+001  4.065387e+001 -2.691513e-001 -2.304304e-001 -2.691518e-001 -2.304310e-001
 -3.000000e+002 -3.090170e+001  7.078289e+001  3.660771e+001  7.078295e+001  3.660772e+001 -2.475500e-001 -1.830684e-001 -2.475502e-001 -1.830687e-001
 -3.500000e+002 -5.877853e+001  6.047637e+001  3.350914e+001  6.047637e+001  3.350914e+001 -2.020671e-001 -1.329759e-001 -2.020671e-001 -1.329759e-001
 -4.000000e+002 -8.090170e+001  5.358499e+001  3.136200e+001  5.358499e+001  3.136200e+001 -1.414268e-001 -8.554887e-002 -1.414268e-001 -8.554887e-002
 -4.500000e+002 -9.510565e+001  4.967765e+001  3.010965e+001  4.967765e+001  3.010965e+001 -7.248636e-002 -4.167558e-002 -7.248636e-002 -4.167558e-002
 -5.000000e+002 -1.000000e+002  4.841596e+001  2.969899e+001  4.841596e+001  2.969899e+001 -2.650229e-017 -1.496223e-017  7.056496e-010  3.974153e-010
 -5.500000e+002 -9.510565e+001  4.967765e+001  3.010965e+001  4.967765e+001  3.010965e+001  7.248636e-002  4.167558e-002  7.248636e-002  4.167558e-002
 -6.000000e+002 -8.090170e+001  5.358499e+001  3.136200e+001  5.358499e+001  3.136200e+001  1.414268e-001  8.554887e-002  1.414268e-001  8.554887e-002
 -6.500000e+002 -5.877853e+001  6.047637e+001  3.350914e+001  6.047637e+001  3.350914e+001  2.020671e-001  1.329759e-001  2.020671e-001  1.329759e-001
 -7.000000e+002 -3.090170e+001  7.078289e+001  3.660771e+001  7.078295e+001  3.660772e+001  2.475500e-001  1.830684e-001  2.475502e-001  1.830687e-001
 -7.500000e+002 -1.836970e-014  8.470670e+001  4.065384e+001  8.470679e+001  4.065387e+001  2.691513e-001  2.304304e-001  2.691518e-001  2.304310e-001
 -8.000000e+002  3.090170e+001  1.016354e+002  4.547531e+001  1.016354e+002  4.547531e+001  2.590826e-001  2.629518e-001  2.590828e-001  2.629520e-001
 -8.500000e+002  5.877853e+001  1.195674e+002  5.061123e+001  1.195674e+002  5.061123e+001  2.161691e-001  2.630713e-001  2.161691e-001  2.630713e-001
 -9.000000e+002  8.090170e+001  1.353273e+002  5.528571e+001  1.353273e+002  5.528571e+001  1.498099e-001  2.162346e-001  1.498099e-001  2.162346e-001
 -9.500000e+002  9.510565e+001  1.458900e+002  5.858378e+001  1.458900e+002  5.858378e+001  7.479163e-002  1.225100e-001  7.479163e-002  1.225100e-001
 -1.000000e+003  1.000000e+002  1.495595e+002  5.977489e+001  1.495595e+002  5.977489e+001 -1.358630e-010 -2.427326e-010  5.392522e-017  9.265838e-017
