  1.000000e+003  1.000000e+002  1.926477e+001  4.489108e+001  1.926477e+001  4.489109e+001
  9.500000e+002  9.510565e+001  2.006958e+001  4.489032e+001  2.684514e+001  4.491777e+001
  9.000000e+002  8.090170e+001  2.266182e+001  4.488818e+001  5.023602e+001  4.495303e+001
  8.500000e+002  5.877853e+001  2.763764e+001  4.488645e+001  8.584936e+001  4.496750e+001
  8.000000e+002  3.090170e+001  3.620948e+001  4.488572e+001  1.253578e+002  4.496705e+001
  7.500000e+002 -1.836970e-014  5.057340e+001  4.488841e+001  1.621197e+002  4.495852e+001
  7.000000e+002 -3.090170e+001  7.434279e+001  4.489569e+001  1.930404e+002  4.494872e+001
  6.500000e+002 -5.877853e+001  1.121772e+002  4.490442e+001  2.172130e+002  4.493874e+001
  6.000000e+002 -8.090170e+001  1.657353e+002  4.491455e+001  2.344960e+002  4.493121e+001
  5.500000e+002 -9.510565e+001  2.222310e+002  4.492195e+001  2.448868e+002  4.492638e+001
  5.000000e+002 -1.000000e+002  2.483552e+002  4.492485e+001  2.483553e+002  4.492485e+001
  4.500000e+002 -9.510565e+001  2.222310e+002  4.492195e+001  2.448868e+002  4.492638e+001
  4.000000e+002 -8.090170e+001  1.657353e+002  4.491455e+001  2.344960e+002  4.493121e+001
  3.500000e+002 -5.877853e+001  1.121772e+002  4.490442e+001  2.172130e+002  4.493874e+001
  3.000000e+002 -3.090170e+001  7.434279e+001  4.489569e+001  1.930404e+002  4.494872e+001
  2.500000e+002  6.123234e-015  5.057340e+001  4.488841e+001  1.621197e+002  4.495852e+001
  2.000000e+002  3.090170e+001  3.620948e+001  4.488572e+001  1.253578e+002  4.496705e+001
  1.500000e+002  5.877853e+001  2.763764e+001  4.488645e+001  8.584936e+001  4.496750e+001
  1.000000e+002  8.090170e+001  2.266182e+001  4.488818e+001  5.023602e+001  4.495303e+001
  5.000000e+001  9.510565e+001  2.006958e+001  4.489032e+001  2.684514e+001  4.491777e+001
  0.000000e+000  1.000000e+002  1.926477e+001  4.489108e+001  1.926477e+001  4.489109e+001
 -5.000000e+001  9.510565e+001  2.006958e+001  4.489032e+001  2.684514e+001  4.491777e+001
 -1.000000e+002  8.090170e+001  2.266182e+001  4.488818e+001  5.023602e+001  4.495303e+001
 -1.500000e+002  5.877853e+001  2.763764e+001  4.488645e+001  8.584936e+001  4.496750e+001
 -2.000000e+002  3.090170e+001  3.620948e+001  4.488572e+001  1.253578e+002  4.496705e+001
 -2.500000e+002  6.123234e-015  5.057340e+001  4.488841e+001  1.621197e+002  4.495852e+001
 -3.000000e+002 -3.090170e+001  7.434279e+001  4.489569e+001  1.930404e+002  4.494872e+001
 -3.500000e+002 -5.877853e+001  1.121772e+002  4.490442e+001  2.172130e+002  4.493874e+001
 -4.000000e+002 -8.090170e+001  1.657353e+002  4.491455e+001  2.344960e+002  4.493121e+001
 -4.500000e+002 -9.510565e+001  2.222310e+002  4.492195e+001  2.448868e+002  4.492638e+001
 -5.000000e+002 -1.000000e+002  2.483552e+002  4.492485e+001  2.483553e+002  4.492485e+001
 -5.500000e+002 -9.510565e+001  2.222310e+002  4.492195e+001  2.448868e+002  4.492638e+001
 -6.000000e+002 -8.090170e+001  1.657353e+002  4.491455e+001  2.344960e+002  4.493121e+001
 -6.500000e+002 -5.877853e+001  1.121772e+002  4.490442e+001  2.172130e+002  4.493874e+001
 -7.000000e+002 -3.090170e+001  7.434279e+001  4.489569e+001  1.930404e+002  4.494872e+001
 -7.500000e+002 -1.836970e-014  5.057340e+001  4.488841e+001  1.621197e+002  4.495852e+001
 -8.000000e+002  3.090170e+001  3.620948e+001  4.488572e+001  1.253578e+002  4.496705e+001
 -8.500000e+002  5.877853e+001  2.763764e+001  4.488645e+001  8.584936e+001  4.496750e+001
 -9.000000e+002  8.090170e+001  2.266182e+001  4.488818e+001  5.023602e+001  4.495303e+001
 -9.500000e+002  9.510565e+001  2.006958e+001  4.489032e+001  2.684514e+001  4.491777e+001
 -1.000000e+003  1.000000e+002  1.926477e+001  4.489108e+001  1.926477e+001  4.489109e+001
