  1.000000e+003  1.000000e+002  1.141029e+002  4.904918e+001  1.141029e+002  4.904918e+001  8.347749e-010  9.699441e-010 -1.938793e-017 -2.235436e-017
  9.500000e+002  9.510565e+001  1.130997e+002  4.875919e+001  1.130997e+002  4.875919e+001 -2.632408e-002 -3.003917e-002 -2.632408e-002 -3.003917e-002
  9.000000e+002  8.090170e+001  1.102218e+002  4.792955e+001  1.102218e+002  4.792955e+001 -5.026957e-002 -5.570985e-002 -5.026957e-002 -5.570985e-002
  8.500000e+002  5.877853e+001  1.058437e+002  4.667253e+001  1.058437e+002  4.667253e+001 -6.948182e-002 -7.367298e-002 -6.948181e-002 -7.367298e-002
  8.000000e+002  3.090170e+001  1.005186e+002  4.514866e+001  1.005186e+002  4.514866e+001 -8.186191e-002 -8.228326e-002 -8.186191e-002 -8.228325e-002
  7.500000e+002 -1.836970e-014  9.487708e+001  4.353578e+001  9.487712e+001  4.353579e+001 -8.597692e-002 -8.166666e-002 -8.597706e-002 -8.166683e-002
  7.000000e+002 -3.090170e+001  8.951766e+001  4.200049e+001  8.951767e+001  4.200049e+001 -8.140429e-002 -7.325717e-002 -8.140426e-002 -7.325715e-002
  6.500000e+002 -5.877853e+001  8.492625e+001  4.067942e+001  8.492625e+001  4.067942e+001 -6.879345e-002 -5.908129e-002 -6.879345e-002 -5.908129e-002
  6.000000e+002 -8.090170e+001  8.144539e+001  3.967245e+001  8.144539e+001  3.967245e+001 -4.964542e-002 -4.113469e-002 -4.964542e-002 -4.113469e-002
  5.500000e+002 -9.510565e+001  7.928545e+001  3.904460e+001  7.928545e+001  3.904460e+001 -2.597029e-002 -2.103978e-002 -2.597029e-002 -2.103978e-002
  5.000000e+002 -1.000000e+002  7.855459e+001  3.883157e+001  7.855459e+001  3.883157e+001  9.561791e-018  7.686045e-018  3.286830e-010  2.647885e-010
  4.500000e+002 -9.510565e+001  7.928545e+001  3.904460e+001  7.928545e+001  3.904460e+001  2.597029e-002  2.103978e-002  2.597029e-002  2.103978e-002
  4.000000e+002 -8.090170e+001  8.144539e+001  3.967245e+001  8.144539e+001  3.967245e+001  4.964542e-002  4.113469e-002  4.964542e-002  4.113469e-002
  3.500000e+002 -5.877853e+001  8.492625e+001  4.067942e+001  8.492625e+001  4.067942e+001  6.879345e-002  5.908129e-002  6.879345e-002  5.908129e-002
  3.000000e+002 -3.090170e+001  8.951766e+001  4.200049e+001  8.951767e+001  4.200049e+001  8.140429e-002  7.325717e-002  8.140426e-002  7.325715e-002
  2.500000e+002  6.123234e-015  9.487708e+001  4.353578e+001  9.487712e+001  4.353579e+001  8.597692e-002  8.166666e-002  8.597706e-002  8.166683e-002
  2.000000e+002  3.090170e+001  1.005186e+002  4.514866e+001  1.005186e+002  4.514866e+001  8.186191e-002  8.228326e-002  8.186191e-002  8.228325e-002
  1.500000e+002  5.877853e+001  1.058437e+002  4.667253e+001  1.058437e+002  4.667253e+001  6.948182e-002  7.367298e-002  6.948181e-002  7.367298e-002
  1.000000e+002  8.090170e+001  1.102218e+002  4.792955e+001  1.102218e+002  4.792955e+001  5.026957e-002  5.570985e-002  5.026957e-002  5.570985e-002
  5.000000e+001  9.510565e+001  1.130997e+002  4.875919e+001  1.130997e+002  4.875919e+001  2.632408e-002  3.003917e-002  2.632408e-002  3.003917e-002
  0.000000e+000  1.000000e+002  1.141029e+002  4.904918e+001  1.141029e+002  4.904918e+001  0.000000e+000 -0.000000e+000  0.000000e+000 -0.000000e+000
 -5.000000e+001  9.510565e+001  1.130997e+002  4.875919e+001  1.130997e+002  4.875919e+001 -2.632408e-002 -3.003917e-002 -2.632408e-002 -3.003917e-002
 -1.000000e+002  8.090170e+001  1.102218e+002  4.792955e+001  1.102218e+002  4.792955e+001 -5.026957e-002 -5.570985e-002 -5.026957e-002 -5.570985e-002
 -1.500000e+002  5.877853e+001  1.058437e+002  4.667253e+001  1.058437e+002  4.667253e+001 -6.948182e-002 -7.367298e-002 -6.948181e-002 -7.367298e-002
 -2.000000e+002  3.090170e+001  1.005186e+002  4.514866e+001  1.005186e+002  4.514866e+001 -8.186191e-002 -8.228326e-002 -8.186191e-002 -8.228325e-002
 -2.500000e+002  6.123234e-015  9.487708e+001  4.353578e+001  9.487712e+001  4.353579e+001 -8.597692e-002 -8.166666e-002 -8.597706e-002 -8.166683e-002
 -3.000000e+002 -3.090170e+001  8.951766e+001  4.200049e+001  8.951767e+001  4.200049e+001 -8.140429e-002 -7.325717e-002 -8.140426e-002 -7.325715e-002
 -3.500000e+002 -5.877853e+001  8.492625e+001  4.067942e+001  8.492625e+001  4.067942e+001 -6.879345e-002 -5.908129e-002 -6.879345e-002 -5.908129e-002
 -4.000000e+002 -8.090170e+001  8.144539e+001  3.967245e+001  8.144539e+001  3.967245e+001 -4.964542e-002 -4.113469e-002 -4.964542e-002 -4.113469e-002
 -4.500000e+002 -9.510565e+001  7.928545e+001  3.904460e+001  7.928545e+001  3.904460e+001 -2.597029e-002 -2.103978e-002 -2.597029e-002 -2.103978e-002
 -5.000000e+002 -1.000000e+002  7.855459e+001  3.883157e+001  7.855459e+001  3.883157e+001 -9.561791e-018 -7.686045e-018 -3.286830e-010 -2.647885e-010
 -5.500000e+002 -9.510565e+001  7.928545e+001  3.904460e+001  7.928545e+001  3.904460e+001  2.597029e-002  2.103978e-002  2.597029e-002  2.103978e-002
 -6.000000e+002 -8.090170e+001  8.144539e+001  3.967245e+001  8.144539e+001  3.967245e+001  4.964542e-002  4.113469e-002  4.964542e-002  4.113469e-002
 -6.500000e+002 -5.877853e+001  8.492625e+001  4.067942e+001  8.492625e+001  4.067942e+001  6.879345e-002  5.908129e-002  6.879345e-002  5.908129e-002
 -7.000000e+002 -3.090170e+001  8.951766e+001  4.200049e+001  8.951767e+001  4.200049e+001  8.140429e-002  7.325717e-002  8.140426e-002  7.325715e-002
 -7.500000e+002 -1.836970e-014  9.487708e+001  4.353578e+001  9.487712e+001  4.353579e+001  8.597692e-002  8.166666e-002  8.597706e-002  8.166683e-002
 -8.000000e+002  3.090170e+001  1.005186e+002  4.514866e+001  1.005186e+002  4.514866e+001  8.186191e-002  8.228326e-002  8.186191e-002  8.228325e-002
 -8.500000e+002  5.877853e+001  1.058437e+002  4.667253e+001  1.058437e+002  4.667253e+001  6.948182e-002  7.367298e-002  6.948181e-002  7.367298e-002
 -9.000000e+002  8.090170e+001  1.102218e+002  4.792955e+001  1.102218e+002  4.792955e+001  5.026957e-002  5.570985e-002  5.026957e-002  5.570985e-002
 -9.500000e+002  9.510565e+001  1.130997e+002  4.875919e+001  1.130997e+002  4.875919e+001  2.632408e-002  3.003917e-002  2.632408e-002  3.003917e-002
 -1.000000e+003  1.000000e+002  1.141029e+002  4.904918e+001  1.141029e+002  4.904918e+001 -8.347749e-010 -9.699441e-010  1.938793e-017  2.235436e-017
