  1.000000e+003  1.000000e+002  1.925891e+001  4.499188e+001  1.925891e+001  4.499188e+001
  9.500000e+002  9.510565e+001  2.006483e+001  4.499121e+001  2.683359e+001  4.499574e+001
  9.000000e+002  8.090170e+001  2.266184e+001  4.498880e+001  5.021414e+001  4.499928e+001
  8.500000e+002  5.877853e+001  2.764854e+001  4.498503e+001  8.583847e+001  4.499790e+001
  8.000000e+002  3.090170e+001  3.624327e+001  4.498015e+001  1.254158e+002  4.499250e+001
  7.500000e+002 -1.836970e-014  5.065424e+001  4.497450e+001  1.623081e+002  4.498499e+001
  7.000000e+002 -3.090170e+001  7.451144e+001  4.496895e+001  1.934304e+002  4.497663e+001
  6.500000e+002 -5.877853e+001  1.125069e+002  4.496379e+001  2.178152e+002  4.496872e+001
  6.000000e+002 -8.090170e+001  1.663115e+002  4.495986e+001  2.352932e+002  4.496220e+001
  5.500000e+002 -9.510565e+001  2.230824e+002  4.495735e+001  2.458201e+002  4.495797e+001
  5.000000e+002 -1.000000e+002  2.493382e+002  4.495648e+001  2.493382e+002  4.495648e+001
  4.500000e+002 -9.510565e+001  2.230824e+002  4.495735e+001  2.458201e+002  4.495797e+001
  4.000000e+002 -8.090170e+001  1.663115e+002  4.495986e+001  2.352932e+002  4.496220e+001
  3.500000e+002 -5.877853e+001  1.125069e+002  4.496379e+001  2.178152e+002  4.496872e+001
  3.000000e+002 -3.090170e+001  7.451144e+001  4.496895e+001  1.934304e+002  4.497663e+001
  2.500000e+002  6.123234e-015  5.065424e+001  4.497450e+001  1.623081e+002  4.498499e+001
  2.000000e+002  3.090170e+001  3.624327e+001  4.498015e+001  1.254158e+002  4.499250e+001
  1.500000e+002  5.877853e+001  2.764854e+001  4.498503e+001  8.583847e+001  4.499790e+001
  1.000000e+002  8.090170e+001  2.266184e+001  4.498880e+001  5.021414e+001  4.499928e+001
  5.000000e+001  9.510565e+001  2.006483e+001  4.499121e+001  2.683359e+001  4.499574e+001
  0.000000e+000  1.000000e+002  1.925891e+001  4.499188e+001  1.925891e+001  4.499188e+001
 -5.000000e+001  9.510565e+001  2.006483e+001  4.499121e+001  2.683359e+001  4.499574e+001
 -1.000000e+002  8.090170e+001  2.266184e+001  4.498880e+001  5.021414e+001  4.499928e+001
 -1.500000e+002  5.877853e+001  2.764854e+001  4.498503e+001  8.583847e+001  4.499790e+001
 -2.000000e+002  3.090170e+001  3.624327e+001  4.498015e+001  1.254158e+002  4.499250e+001
 -2.500000e+002  6.123234e-015  5.065424e+001  4.497450e+001  1.623081e+002  4.498499e+001
 -3.000000e+002 -3.090170e+001  7.451144e+001  4.496895e+001  1.934304e+002  4.497663e+001
 -3.500000e+002 -5.877853e+001  1.125069e+002  4.496379e+001  2.178152e+002  4.496872e+001
 -4.000000e+002 -8.090170e+001  1.663115e+002  4.495986e+001  2.352932e+002  4.496220e+001
 -4.500000e+002 -9.510565e+001  2.230824e+002  4.495735e+001  2.458201e+002  4.495797e+001
 -5.000000e+002 -1.000000e+002  2.493382e+002  4.495648e+001  2.493382e+002  4.495648e+001
 -5.500000e+002 -9.510565e+001  2.230824e+002  4.495735e+001  2.458201e+002  4.495797e+001
 -6.000000e+002 -8.090170e+001  1.663115e+002  4.495986e+001  2.352932e+002  4.496220e+001
 -6.500000e+002 -5.877853e+001  1.125069e+002  4.496379e+001  2.178152e+002  4.496872e+001
 -7.000000e+002 -3.090170e+001  7.451144e+001  4.496895e+001  1.934304e+002  4.497663e+001
 -7.500000e+002 -1.836970e-014  5.065424e+001  4.497450e+001  1.623081e+002  4.498499e+001
 -8.000000e+002  3.090170e+001  3.624327e+001  4.498015e+001  1.254158e+002  4.499250e+001
 -8.500000e+002  5.877853e+001  2.764854e+001  4.498503e+001  8.583847e+001  4.499790e+001
 -9.000000e+002  8.090170e+001  2.266184e+001  4.498880e+001  5.021414e+001  4.499928e+001
 -9.500000e+002  9.510565e+001  2.006483e+001  4.499121e+001  2.683359e+001  4.499574e+001
 -1.000000e+003  1.000000e+002  1.925891e+001  4.499188e+001  1.925891e+001  4.499188e+001
